              precision    recall  f1-score   support

           A       0.88      0.79      0.83       107
           B       0.73      0.85      0.78       111
           C       0.98      0.99      0.99       112
           D       0.86      0.98      0.92       117
           E       0.78      0.74      0.76        93
           F       0.96      0.96      0.96       119
           G       0.89      0.70      0.78       104
           H       0.78      0.96      0.86       128
           I       0.88      0.75      0.81       118
           J       0.92      0.90      0.91       108
           K       0.66      0.82      0.73        95
           L       0.87      0.96      0.91        93
           M       0.51      0.84      0.64        99
           N       0.90      0.79      0.84       121
           O       0.92      0.85      0.89       115
           P       0.86      0.90      0.88       101
           Q       0.93      0.88      0.91       127
           R       0.57      0.79      0.66        99
           S       0.76      0.62      0.69       104
           T       0.71      0.87      0.78       125
           U       0.75      0.36      0.48       106
           V       0.71      0.56      0.62       104
           W       0.69      0.90      0.78       109
           X       0.84      0.60      0.70       105
           Y       0.87      0.70      0.78       116
           Z       0.95      0.88      0.91       121
         del       0.94      0.95      0.95       103
     nothing       0.98      0.96      0.97       121
       space       0.99      0.87      0.93       119

    accuracy                           0.82      3200
   macro avg       0.83      0.82      0.82      3200
weighted avg       0.84      0.82      0.82      3200
