Vision-Based Sign Language Recognition
=======================================

Test Accuracy: 93.14%

              precision    recall  f1-score   support

           A       0.92      1.00      0.96       331
           B       1.00      0.95      0.98       432
           C       0.94      1.00      0.97       310
           D       1.00      0.93      0.97       245
           E       0.92      1.00      0.95       498
           F       1.00      1.00      1.00       247
           G       0.93      0.91      0.92       348
           H       0.91      0.95      0.93       436
           I       0.88      0.78      0.83       288
           K       0.95      0.93      0.94       331
           L       0.92      1.00      0.96       209
           M       0.95      0.84      0.89       394
           N       1.00      0.70      0.82       291
           O       0.99      1.00      0.99       246
           P       0.93      1.00      0.97       347
           Q       0.93      1.00      0.96       164
           R       0.97      0.76      0.85       144
           S       0.79      0.89      0.84       246
           T       0.91      0.75      0.82       248
           U       0.95      0.99      0.97       266
           V       0.94      1.00      0.97       346
           W       0.88      1.00      0.94       206
           X       0.91      1.00      0.95       267
           Y       0.88      0.88      0.88       332

    accuracy                           0.93      7172
   macro avg       0.93      0.93      0.93      7172
weighted avg       0.93      0.93      0.93      7172
